
% X 
X = [   1 2 3 4 5 
        2 3 4 5 6 
        3 3 3 3 3
        1 1 1 1 1 ] ; 
    
K = [   1000   0    350
        0   1000    480
        0   0   1]; 
    
K1 = eye(3); 

R = [ 10 22.33 33
      93 88.2  27
      3 9   2];
T = [ 0 23 12 ] ; 

Rt = R * T'; 

P = K * Rt 

P1 = K1 * Rt 

xProj = P * X ; 

